100 0.280000
110 0.310000
120 0.350000
130 0.388000
140 0.450000
150 0.476000
160 0.500000
170 0.518000
180 0.564000
190 0.578000
200 0.580000
210 0.608000
220 0.634000
230 0.658000
240 0.702000
250 0.698000
260 0.718000
270 0.736000
280 0.770000
290 0.780000
300 0.794000
310 0.798000
320 0.822000
330 0.830000
340 0.854000
350 0.864000
360 0.874000
370 0.880000
380 0.888000
390 0.900000
400 0.892000
410 0.896000
420 0.898000
430 0.916000
440 0.934000
450 0.938000
460 0.944000
470 0.946000
480 0.948000
490 0.942000
500 0.946000
510 0.952000
520 0.958000
530 0.962000
540 0.966000
550 0.972000
560 0.972000
570 0.978000
580 0.974000
590 0.980000
600 0.978000
610 0.980000
620 0.984000
630 0.980000
640 0.984000
650 0.984000
660 0.984000
670 0.988000
680 0.986000
690 0.986000
700 0.986000
710 0.986000
720 0.988000
730 0.990000
740 0.992000
750 0.992000
760 0.992000
770 0.990000
780 0.990000
790 0.990000
800 0.990000
810 0.992000
820 0.990000
830 0.992000
840 0.992000
850 0.994000
860 0.994000
870 0.996000
880 0.996000
890 0.996000
900 0.996000
910 0.996000
920 0.996000
930 0.998000
940 0.998000
950 0.998000
960 0.998000
970 0.998000
980 0.998000
990 0.998000
1000 0.998000
