100 0.864000
110 0.904000
120 0.926000
130 0.950000
140 0.958000
150 0.972000
160 0.978000
170 0.986000
180 0.994000
190 0.994000
200 0.994000
210 0.994000
220 0.998000
230 0.998000
240 0.998000
250 1.000000
260 1.000000
270 1.000000
280 1.000000
290 1.000000
300 1.000000
310 1.000000
320 1.000000
330 1.000000
340 1.000000
350 1.000000
360 1.000000
370 1.000000
380 1.000000
390 1.000000
400 1.000000
410 1.000000
420 1.000000
430 1.000000
440 1.000000
450 1.000000
460 1.000000
470 1.000000
480 1.000000
490 1.000000
500 1.000000
510 1.000000
520 1.000000
530 1.000000
540 1.000000
550 1.000000
560 1.000000
570 1.000000
580 1.000000
590 1.000000
600 1.000000
610 1.000000
620 1.000000
630 1.000000
640 1.000000
650 1.000000
660 1.000000
670 1.000000
680 1.000000
690 1.000000
700 1.000000
710 1.000000
720 1.000000
730 1.000000
740 1.000000
750 1.000000
760 1.000000
770 1.000000
780 1.000000
790 1.000000
800 1.000000
810 1.000000
820 1.000000
830 1.000000
840 1.000000
850 1.000000
860 1.000000
870 1.000000
880 1.000000
890 1.000000
900 1.000000
910 1.000000
920 1.000000
930 1.000000
940 1.000000
950 1.000000
960 1.000000
970 1.000000
980 1.000000
990 1.000000
1000 1.000000
