100 0.006000
110 0.006000
120 0.010000
130 0.008000
140 0.012000
150 0.010000
160 0.006000
170 0.006000
180 0.006000
190 0.002000
200 0.004000
210 0.006000
220 0.002000
230 0.004000
240 0.002000
250 0.006000
260 0.002000
270 0.004000
280 0.000000
290 0.004000
300 0.000000
310 0.000000
320 0.004000
330 0.002000
340 0.006000
350 0.004000
360 0.004000
370 0.004000
380 0.004000
390 0.004000
400 0.002000
410 0.004000
420 0.004000
430 0.004000
440 0.004000
450 0.002000
460 0.004000
470 0.002000
480 0.002000
490 0.000000
500 0.002000
510 0.002000
520 0.000000
530 0.002000
540 0.002000
550 0.002000
560 0.004000
570 0.004000
580 0.004000
590 0.004000
600 0.006000
610 0.006000
620 0.008000
630 0.004000
640 0.002000
650 0.004000
660 0.002000
670 0.004000
680 0.002000
690 0.004000
700 0.004000
710 0.004000
720 0.004000
730 0.006000
740 0.006000
750 0.004000
760 0.004000
770 0.006000
780 0.004000
790 0.000000
800 0.002000
810 0.002000
820 0.002000
830 0.004000
840 0.004000
850 0.004000
860 0.006000
870 0.002000
880 0.004000
890 0.002000
900 0.000000
910 0.000000
920 0.000000
930 0.000000
940 0.002000
950 0.000000
960 0.002000
970 0.002000
980 0.000000
990 0.000000
1000 0.000000
