100 0.004000
110 0.004000
120 0.004000
130 0.002000
140 0.002000
150 0.006000
160 0.008000
170 0.004000
180 0.004000
190 0.004000
200 0.002000
210 0.002000
220 0.002000
230 0.002000
240 0.004000
250 0.002000
260 0.002000
270 0.002000
280 0.002000
290 0.006000
300 0.006000
310 0.006000
320 0.004000
330 0.006000
340 0.004000
350 0.006000
360 0.002000
370 0.002000
380 0.002000
390 0.006000
400 0.002000
410 0.002000
420 0.004000
430 0.002000
440 0.004000
450 0.006000
460 0.006000
470 0.004000
480 0.006000
490 0.004000
500 0.004000
510 0.004000
520 0.006000
530 0.008000
540 0.004000
550 0.004000
560 0.002000
570 0.004000
580 0.002000
590 0.002000
600 0.002000
610 0.002000
620 0.002000
630 0.002000
640 0.002000
650 0.004000
660 0.004000
670 0.004000
680 0.004000
690 0.002000
700 0.004000
710 0.002000
720 0.002000
730 0.006000
740 0.002000
750 0.004000
760 0.004000
770 0.002000
780 0.004000
790 0.008000
800 0.008000
810 0.004000
820 0.006000
830 0.008000
840 0.006000
850 0.010000
860 0.008000
870 0.008000
880 0.012000
890 0.008000
900 0.012000
910 0.008000
920 0.008000
930 0.006000
940 0.006000
950 0.008000
960 0.006000
970 0.010000
980 0.008000
990 0.014000
1000 0.012000
