100 0.012000
110 0.012000
120 0.010000
130 0.006000
140 0.006000
150 0.008000
160 0.012000
170 0.012000
180 0.016000
190 0.016000
200 0.016000
210 0.016000
220 0.016000
230 0.018000
240 0.018000
250 0.022000
260 0.020000
270 0.024000
280 0.022000
290 0.020000
300 0.022000
310 0.014000
320 0.020000
330 0.024000
340 0.022000
350 0.022000
360 0.014000
370 0.012000
380 0.014000
390 0.016000
400 0.018000
410 0.020000
420 0.020000
430 0.018000
440 0.016000
450 0.016000
460 0.010000
470 0.016000
480 0.016000
490 0.018000
500 0.020000
510 0.012000
520 0.010000
530 0.014000
540 0.010000
550 0.010000
560 0.014000
570 0.008000
580 0.008000
590 0.010000
600 0.008000
610 0.010000
620 0.010000
630 0.012000
640 0.006000
650 0.010000
660 0.008000
670 0.016000
680 0.012000
690 0.012000
700 0.014000
710 0.012000
720 0.012000
730 0.018000
740 0.022000
750 0.018000
760 0.012000
770 0.010000
780 0.012000
790 0.016000
800 0.014000
810 0.014000
820 0.014000
830 0.018000
840 0.018000
850 0.020000
860 0.014000
870 0.016000
880 0.018000
890 0.020000
900 0.020000
910 0.018000
920 0.020000
930 0.024000
940 0.024000
950 0.020000
960 0.020000
970 0.022000
980 0.026000
990 0.028000
1000 0.026000
