100 0.024000
110 0.026000
120 0.054000
130 0.052000
140 0.044000
150 0.056000
160 0.054000
170 0.056000
180 0.064000
190 0.074000
200 0.068000
210 0.076000
220 0.080000
230 0.090000
240 0.088000
250 0.090000
260 0.086000
270 0.086000
280 0.092000
290 0.096000
300 0.098000
310 0.090000
320 0.098000
330 0.098000
340 0.102000
350 0.110000
360 0.120000
370 0.136000
380 0.130000
390 0.114000
400 0.134000
410 0.144000
420 0.158000
430 0.158000
440 0.166000
450 0.170000
460 0.166000
470 0.176000
480 0.168000
490 0.178000
500 0.192000
510 0.194000
520 0.190000
530 0.192000
540 0.194000
550 0.184000
560 0.194000
570 0.202000
580 0.210000
590 0.220000
600 0.226000
610 0.228000
620 0.232000
630 0.230000
640 0.236000
650 0.250000
660 0.238000
670 0.242000
680 0.256000
690 0.274000
700 0.282000
710 0.272000
720 0.292000
730 0.272000
740 0.286000
750 0.290000
760 0.290000
770 0.306000
780 0.298000
790 0.298000
800 0.300000
810 0.318000
820 0.328000
830 0.328000
840 0.336000
850 0.358000
860 0.348000
870 0.330000
880 0.354000
890 0.346000
900 0.370000
910 0.376000
920 0.376000
930 0.390000
940 0.392000
950 0.406000
960 0.408000
970 0.402000
980 0.412000
990 0.406000
1000 0.420000
